%YAML:1.0
---
model_type: MEI
camera_name: camera
image_width: 640
image_height: 480
mirror_parameters:
   xi: 8.1261505894146113e-01
distortion_parameters:
   k1: -0.02994830919937394
   k2: 0.01700036237745514
   p1: 0.004211652101272671
   p2: -0.004970835749726229
projection_parameters:
   gamma1: 457.0221842813957
   gamma2: 457.0221842813957
   u0: 320.5
   v0: 320.5
