image_width: 640
image_height: 480
camera_name: robot_front_zed_camera/right
camera_matrix:
  rows: 3
  cols: 3
  data: [430.8734763523694, 0, 317.9778653811761, 0, 544.3961128554731, 280.0032884340562, 0, 0, 1]
distortion_model: plumb_bob
distortion_coefficients:
  rows: 1
  cols: 5
  data: [-0.02994830919937394, 0.01700036237745514, 0.004211652101272671, -0.004970835749726229, 0]
rectification_matrix:
  rows: 3
  cols: 3
  data: [0.9999974152732767, -0.001403054144516826, 0.00178910196290873, 0.001905261452699104, 0.08770281659304839, -0.9961448619254347, 0.001240735895744341, 0.9961456958701944, 0.08770526309021223]
projection_matrix:
  rows: 3
  cols: 4
  data: [-41.84198232475406, 0, 321.4447479248047, 0, 0, -41.84198232475406, 186.0179977416992, -2.897086961312923, 0, 0, 1, 0]