image_width: 640
image_height: 480
camera_name: robot_front_zed_camera/left
camera_matrix:
  rows: 3
  cols: 3
  data: [432.2469110399018, 0, 317.6568491556908, 0, 545.7189695408734, 280.5453418485135, 0, 0, 1]
distortion_model: plumb_bob
distortion_coefficients:
  rows: 1
  cols: 5
  data: [-0.03053900898634834, 0.01678740905478507, 0.004563368063536544, -0.005362693939928225, 0]
rectification_matrix:
  rows: 3
  cols: 3
  data: [0.9999986394064069, -0.001436525860963329, 0.0008109123172811599, 0.000934455224184652, 0.08820051947042838, -0.9961023015526974, 0.00135940382871634, 0.9961017040235387, 0.08820174183446212]
projection_matrix:
  rows: 3
  cols: 4
  data: [-41.84198232475406, 0, 321.4447479248047, 0, 0, -41.84198232475406, 186.0179977416992, 0, 0, 0, 1, 0]